10,2
1,10
0.001,0.0
123
1000
1024
0,0,0,0,0,0,0,0,0,0,0,0
1,0,0,0,0,0,0,0,0,0,0,1
2,0,0,0,0,0,0,0,0,0,1,0
3,0,0,0,0,0,0,0,0,0,1,1
4,0,0,0,0,0,0,0,0,1,0,0
5,0,0,0,0,0,0,0,0,1,0,1
6,0,0,0,0,0,0,0,0,1,1,0
7,0,0,0,0,0,0,0,0,1,1,1
8,0,0,0,0,0,0,0,1,0,0,0
9,0,0,0,0,0,0,0,1,0,0,1
10,0,0,0,0,0,0,0,1,0,1,0
11,0,0,0,0,0,0,0,1,0,1,1
12,0,0,0,0,0,0,0,1,1,0,0
13,0,0,0,0,0,0,0,1,1,0,1
14,0,0,0,0,0,0,0,1,1,1,0
15,0,0,0,0,0,0,0,1,1,1,1
16,0,0,0,0,0,0,1,0,0,0,0
17,0,0,0,0,0,0,1,0,0,0,1
18,0,0,0,0,0,0,1,0,0,1,0
19,0,0,0,0,0,0,1,0,0,1,1
20,0,0,0,0,0,0,1,0,1,0,0
21,0,0,0,0,0,0,1,0,1,0,1
22,0,0,0,0,0,0,1,0,1,1,0
23,0,0,0,0,0,0,1,0,1,1,1
24,0,0,0,0,0,0,1,1,0,0,0
25,0,0,0,0,0,0,1,1,0,0,1
26,0,0,0,0,0,0,1,1,0,1,0
27,0,0,0,0,0,0,1,1,0,1,1
28,0,0,0,0,0,0,1,1,1,0,0
29,0,0,0,0,0,0,1,1,1,0,1
30,0,0,0,0,0,0,1,1,1,1,0
31,0,0,0,0,0,0,1,1,1,1,1
32,0,0,0,0,0,1,0,0,0,0,0
33,0,0,0,0,0,1,0,0,0,0,1
34,0,0,0,0,0,1,0,0,0,1,0
35,0,0,0,0,0,1,0,0,0,1,1
36,0,0,0,0,0,1,0,0,1,0,0
37,0,0,0,0,0,1,0,0,1,0,1
38,0,0,0,0,0,1,0,0,1,1,0
39,0,0,0,0,0,1,0,0,1,1,1
40,0,0,0,0,0,1,0,1,0,0,0
41,0,0,0,0,0,1,0,1,0,0,1
42,0,0,0,0,0,1,0,1,0,1,0
43,0,0,0,0,0,1,0,1,0,1,1
44,0,0,0,0,0,1,0,1,1,0,0
45,0,0,0,0,0,1,0,1,1,0,1
46,0,0,0,0,0,1,0,1,1,1,0
47,0,0,0,0,0,1,0,1,1,1,1
48,0,0,0,0,0,1,1,0,0,0,0
49,0,0,0,0,0,1,1,0,0,0,1
50,0,0,0,0,0,1,1,0,0,1,0
51,0,0,0,0,0,1,1,0,0,1,1
52,0,0,0,0,0,1,1,0,1,0,0
53,0,0,0,0,0,1,1,0,1,0,1
54,0,0,0,0,0,1,1,0,1,1,0
55,0,0,0,0,0,1,1,0,1,1,1
56,0,0,0,0,0,1,1,1,0,0,0
57,0,0,0,0,0,1,1,1,0,0,1
58,0,0,0,0,0,1,1,1,0,1,0
59,0,0,0,0,0,1,1,1,0,1,1
60,0,0,0,0,0,1,1,1,1,0,0
61,0,0,0,0,0,1,1,1,1,0,1
62,0,0,0,0,0,1,1,1,1,1,0
63,1,0,0,0,0,1,1,1,1,1,1
64,0,0,0,0,1,0,0,0,0,0,0
65,0,0,0,0,1,0,0,0,0,0,1
66,0,0,0,0,1,0,0,0,0,1,0
67,0,0,0,0,1,0,0,0,0,1,1
68,0,0,0,0,1,0,0,0,1,0,0
69,0,0,0,0,1,0,0,0,1,0,1
70,0,0,0,0,1,0,0,0,1,1,0
71,0,0,0,0,1,0,0,0,1,1,1
72,0,0,0,0,1,0,0,1,0,0,0
73,0,0,0,0,1,0,0,1,0,0,1
74,0,0,0,0,1,0,0,1,0,1,0
75,0,0,0,0,1,0,0,1,0,1,1
76,0,0,0,0,1,0,0,1,1,0,0
77,0,0,0,0,1,0,0,1,1,0,1
78,0,0,0,0,1,0,0,1,1,1,0
79,0,0,0,0,1,0,0,1,1,1,1
80,0,0,0,0,1,0,1,0,0,0,0
81,0,0,0,0,1,0,1,0,0,0,1
82,0,0,0,0,1,0,1,0,0,1,0
83,0,0,0,0,1,0,1,0,0,1,1
84,0,0,0,0,1,0,1,0,1,0,0
85,0,0,0,0,1,0,1,0,1,0,1
86,0,0,0,0,1,0,1,0,1,1,0
87,0,0,0,0,1,0,1,0,1,1,1
88,0,0,0,0,1,0,1,1,0,0,0
89,0,0,0,0,1,0,1,1,0,0,1
90,0,0,0,0,1,0,1,1,0,1,0
91,0,0,0,0,1,0,1,1,0,1,1
92,0,0,0,0,1,0,1,1,1,0,0
93,0,0,0,0,1,0,1,1,1,0,1
94,0,0,0,0,1,0,1,1,1,1,0
95,1,0,0,0,1,0,1,1,1,1,1
96,0,0,0,0,1,1,0,0,0,0,0
97,0,0,0,0,1,1,0,0,0,0,1
98,0,0,0,0,1,1,0,0,0,1,0
99,0,0,0,0,1,1,0,0,0,1,1
100,0,0,0,0,1,1,0,0,1,0,0
101,0,0,0,0,1,1,0,0,1,0,1
102,0,0,0,0,1,1,0,0,1,1,0
103,0,0,0,0,1,1,0,0,1,1,1
104,0,0,0,0,1,1,0,1,0,0,0
105,0,0,0,0,1,1,0,1,0,0,1
106,0,0,0,0,1,1,0,1,0,1,0
107,0,0,0,0,1,1,0,1,0,1,1
108,0,0,0,0,1,1,0,1,1,0,0
109,0,0,0,0,1,1,0,1,1,0,1
110,0,0,0,0,1,1,0,1,1,1,0
111,1,0,0,0,1,1,0,1,1,1,1
112,0,0,0,0,1,1,1,0,0,0,0
113,0,0,0,0,1,1,1,0,0,0,1
114,0,0,0,0,1,1,1,0,0,1,0
115,0,0,0,0,1,1,1,0,0,1,1
116,0,0,0,0,1,1,1,0,1,0,0
117,0,0,0,0,1,1,1,0,1,0,1
118,0,0,0,0,1,1,1,0,1,1,0
119,1,0,0,0,1,1,1,0,1,1,1
120,0,0,0,0,1,1,1,1,0,0,0
121,0,0,0,0,1,1,1,1,0,0,1
122,0,0,0,0,1,1,1,1,0,1,0
123,1,0,0,0,1,1,1,1,0,1,1
124,0,0,0,0,1,1,1,1,1,0,0
125,1,0,0,0,1,1,1,1,1,0,1
126,1,0,0,0,1,1,1,1,1,1,0
127,0,0,0,0,1,1,1,1,1,1,1
128,0,0,0,1,0,0,0,0,0,0,0
129,0,0,0,1,0,0,0,0,0,0,1
130,0,0,0,1,0,0,0,0,0,1,0
131,0,0,0,1,0,0,0,0,0,1,1
132,0,0,0,1,0,0,0,0,1,0,0
133,0,0,0,1,0,0,0,0,1,0,1
134,0,0,0,1,0,0,0,0,1,1,0
135,0,0,0,1,0,0,0,0,1,1,1
136,0,0,0,1,0,0,0,1,0,0,0
137,0,0,0,1,0,0,0,1,0,0,1
138,0,0,0,1,0,0,0,1,0,1,0
139,0,0,0,1,0,0,0,1,0,1,1
140,0,0,0,1,0,0,0,1,1,0,0
141,0,0,0,1,0,0,0,1,1,0,1
142,0,0,0,1,0,0,0,1,1,1,0
143,0,0,0,1,0,0,0,1,1,1,1
144,0,0,0,1,0,0,1,0,0,0,0
145,0,0,0,1,0,0,1,0,0,0,1
146,0,0,0,1,0,0,1,0,0,1,0
147,0,0,0,1,0,0,1,0,0,1,1
148,0,0,0,1,0,0,1,0,1,0,0
149,0,0,0,1,0,0,1,0,1,0,1
150,0,0,0,1,0,0,1,0,1,1,0
151,0,0,0,1,0,0,1,0,1,1,1
152,0,0,0,1,0,0,1,1,0,0,0
153,0,0,0,1,0,0,1,1,0,0,1
154,0,0,0,1,0,0,1,1,0,1,0
155,0,0,0,1,0,0,1,1,0,1,1
156,0,0,0,1,0,0,1,1,1,0,0
157,0,0,0,1,0,0,1,1,1,0,1
158,0,0,0,1,0,0,1,1,1,1,0
159,1,0,0,1,0,0,1,1,1,1,1
160,0,0,0,1,0,1,0,0,0,0,0
161,0,0,0,1,0,1,0,0,0,0,1
162,0,0,0,1,0,1,0,0,0,1,0
163,0,0,0,1,0,1,0,0,0,1,1
164,0,0,0,1,0,1,0,0,1,0,0
165,0,0,0,1,0,1,0,0,1,0,1
166,0,0,0,1,0,1,0,0,1,1,0
167,0,0,0,1,0,1,0,0,1,1,1
168,0,0,0,1,0,1,0,1,0,0,0
169,0,0,0,1,0,1,0,1,0,0,1
170,0,0,0,1,0,1,0,1,0,1,0
171,0,0,0,1,0,1,0,1,0,1,1
172,0,0,0,1,0,1,0,1,1,0,0
173,0,0,0,1,0,1,0,1,1,0,1
174,0,0,0,1,0,1,0,1,1,1,0
175,1,0,0,1,0,1,0,1,1,1,1
176,0,0,0,1,0,1,1,0,0,0,0
177,0,0,0,1,0,1,1,0,0,0,1
178,0,0,0,1,0,1,1,0,0,1,0
179,0,0,0,1,0,1,1,0,0,1,1
180,0,0,0,1,0,1,1,0,1,0,0
181,0,0,0,1,0,1,1,0,1,0,1
182,0,0,0,1,0,1,1,0,1,1,0
183,1,0,0,1,0,1,1,0,1,1,1
184,0,0,0,1,0,1,1,1,0,0,0
185,0,0,0,1,0,1,1,1,0,0,1
186,0,0,0,1,0,1,1,1,0,1,0
187,1,0,0,1,0,1,1,1,0,1,1
188,0,0,0,1,0,1,1,1,1,0,0
189,1,0,0,1,0,1,1,1,1,0,1
190,1,0,0,1,0,1,1,1,1,1,0
191,0,0,0,1,0,1,1,1,1,1,1
192,0,0,0,1,1,0,0,0,0,0,0
193,0,0,0,1,1,0,0,0,0,0,1
194,0,0,0,1,1,0,0,0,0,1,0
195,0,0,0,1,1,0,0,0,0,1,1
196,0,0,0,1,1,0,0,0,1,0,0
197,0,0,0,1,1,0,0,0,1,0,1
198,0,0,0,1,1,0,0,0,1,1,0
199,0,0,0,1,1,0,0,0,1,1,1
200,0,0,0,1,1,0,0,1,0,0,0
201,0,0,0,1,1,0,0,1,0,0,1
202,0,0,0,1,1,0,0,1,0,1,0
203,0,0,0,1,1,0,0,1,0,1,1
204,0,0,0,1,1,0,0,1,1,0,0
205,0,0,0,1,1,0,0,1,1,0,1
206,0,0,0,1,1,0,0,1,1,1,0
207,1,0,0,1,1,0,0,1,1,1,1
208,0,0,0,1,1,0,1,0,0,0,0
209,0,0,0,1,1,0,1,0,0,0,1
210,0,0,0,1,1,0,1,0,0,1,0
211,0,0,0,1,1,0,1,0,0,1,1
212,0,0,0,1,1,0,1,0,1,0,0
213,0,0,0,1,1,0,1,0,1,0,1
214,0,0,0,1,1,0,1,0,1,1,0
215,1,0,0,1,1,0,1,0,1,1,1
216,0,0,0,1,1,0,1,1,0,0,0
217,0,0,0,1,1,0,1,1,0,0,1
218,0,0,0,1,1,0,1,1,0,1,0
219,1,0,0,1,1,0,1,1,0,1,1
220,0,0,0,1,1,0,1,1,1,0,0
221,1,0,0,1,1,0,1,1,1,0,1
222,1,0,0,1,1,0,1,1,1,1,0
223,0,0,0,1,1,0,1,1,1,1,1
224,0,0,0,1,1,1,0,0,0,0,0
225,0,0,0,1,1,1,0,0,0,0,1
226,0,0,0,1,1,1,0,0,0,1,0
227,0,0,0,1,1,1,0,0,0,1,1
228,0,0,0,1,1,1,0,0,1,0,0
229,0,0,0,1,1,1,0,0,1,0,1
230,0,0,0,1,1,1,0,0,1,1,0
231,1,0,0,1,1,1,0,0,1,1,1
232,0,0,0,1,1,1,0,1,0,0,0
233,0,0,0,1,1,1,0,1,0,0,1
234,0,0,0,1,1,1,0,1,0,1,0
235,1,0,0,1,1,1,0,1,0,1,1
236,0,0,0,1,1,1,0,1,1,0,0
237,1,0,0,1,1,1,0,1,1,0,1
238,1,0,0,1,1,1,0,1,1,1,0
239,0,0,0,1,1,1,0,1,1,1,1
240,0,0,0,1,1,1,1,0,0,0,0
241,0,0,0,1,1,1,1,0,0,0,1
242,0,0,0,1,1,1,1,0,0,1,0
243,1,0,0,1,1,1,1,0,0,1,1
244,0,0,0,1,1,1,1,0,1,0,0
245,1,0,0,1,1,1,1,0,1,0,1
246,1,0,0,1,1,1,1,0,1,1,0
247,0,0,0,1,1,1,1,0,1,1,1
248,0,0,0,1,1,1,1,1,0,0,0
249,1,0,0,1,1,1,1,1,0,0,1
250,1,0,0,1,1,1,1,1,0,1,0
251,0,0,0,1,1,1,1,1,0,1,1
252,1,0,0,1,1,1,1,1,1,0,0
253,0,0,0,1,1,1,1,1,1,0,1
254,0,0,0,1,1,1,1,1,1,1,0
255,0,0,0,1,1,1,1,1,1,1,1
256,0,0,1,0,0,0,0,0,0,0,0
257,0,0,1,0,0,0,0,0,0,0,1
258,0,0,1,0,0,0,0,0,0,1,0
259,0,0,1,0,0,0,0,0,0,1,1
260,0,0,1,0,0,0,0,0,1,0,0
261,0,0,1,0,0,0,0,0,1,0,1
262,0,0,1,0,0,0,0,0,1,1,0
263,0,0,1,0,0,0,0,0,1,1,1
264,0,0,1,0,0,0,0,1,0,0,0
265,0,0,1,0,0,0,0,1,0,0,1
266,0,0,1,0,0,0,0,1,0,1,0
267,0,0,1,0,0,0,0,1,0,1,1
268,0,0,1,0,0,0,0,1,1,0,0
269,0,0,1,0,0,0,0,1,1,0,1
270,0,0,1,0,0,0,0,1,1,1,0
271,0,0,1,0,0,0,0,1,1,1,1
272,0,0,1,0,0,0,1,0,0,0,0
273,0,0,1,0,0,0,1,0,0,0,1
274,0,0,1,0,0,0,1,0,0,1,0
275,0,0,1,0,0,0,1,0,0,1,1
276,0,0,1,0,0,0,1,0,1,0,0
277,0,0,1,0,0,0,1,0,1,0,1
278,0,0,1,0,0,0,1,0,1,1,0
279,0,0,1,0,0,0,1,0,1,1,1
280,0,0,1,0,0,0,1,1,0,0,0
281,0,0,1,0,0,0,1,1,0,0,1
282,0,0,1,0,0,0,1,1,0,1,0
283,0,0,1,0,0,0,1,1,0,1,1
284,0,0,1,0,0,0,1,1,1,0,0
285,0,0,1,0,0,0,1,1,1,0,1
286,0,0,1,0,0,0,1,1,1,1,0
287,1,0,1,0,0,0,1,1,1,1,1
288,0,0,1,0,0,1,0,0,0,0,0
289,0,0,1,0,0,1,0,0,0,0,1
290,0,0,1,0,0,1,0,0,0,1,0
291,0,0,1,0,0,1,0,0,0,1,1
292,0,0,1,0,0,1,0,0,1,0,0
293,0,0,1,0,0,1,0,0,1,0,1
294,0,0,1,0,0,1,0,0,1,1,0
295,0,0,1,0,0,1,0,0,1,1,1
296,0,0,1,0,0,1,0,1,0,0,0
297,0,0,1,0,0,1,0,1,0,0,1
298,0,0,1,0,0,1,0,1,0,1,0
299,0,0,1,0,0,1,0,1,0,1,1
300,0,0,1,0,0,1,0,1,1,0,0
301,0,0,1,0,0,1,0,1,1,0,1
302,0,0,1,0,0,1,0,1,1,1,0
303,1,0,1,0,0,1,0,1,1,1,1
304,0,0,1,0,0,1,1,0,0,0,0
305,0,0,1,0,0,1,1,0,0,0,1
306,0,0,1,0,0,1,1,0,0,1,0
307,0,0,1,0,0,1,1,0,0,1,1
308,0,0,1,0,0,1,1,0,1,0,0
309,0,0,1,0,0,1,1,0,1,0,1
310,0,0,1,0,0,1,1,0,1,1,0
311,1,0,1,0,0,1,1,0,1,1,1
312,0,0,1,0,0,1,1,1,0,0,0
313,0,0,1,0,0,1,1,1,0,0,1
314,0,0,1,0,0,1,1,1,0,1,0
315,1,0,1,0,0,1,1,1,0,1,1
316,0,0,1,0,0,1,1,1,1,0,0
317,1,0,1,0,0,1,1,1,1,0,1
318,1,0,1,0,0,1,1,1,1,1,0
319,0,0,1,0,0,1,1,1,1,1,1
320,0,0,1,0,1,0,0,0,0,0,0
321,0,0,1,0,1,0,0,0,0,0,1
322,0,0,1,0,1,0,0,0,0,1,0
323,0,0,1,0,1,0,0,0,0,1,1
324,0,0,1,0,1,0,0,0,1,0,0
325,0,0,1,0,1,0,0,0,1,0,1
326,0,0,1,0,1,0,0,0,1,1,0
327,0,0,1,0,1,0,0,0,1,1,1
328,0,0,1,0,1,0,0,1,0,0,0
329,0,0,1,0,1,0,0,1,0,0,1
330,0,0,1,0,1,0,0,1,0,1,0
331,0,0,1,0,1,0,0,1,0,1,1
332,0,0,1,0,1,0,0,1,1,0,0
333,0,0,1,0,1,0,0,1,1,0,1
334,0,0,1,0,1,0,0,1,1,1,0
335,1,0,1,0,1,0,0,1,1,1,1
336,0,0,1,0,1,0,1,0,0,0,0
337,0,0,1,0,1,0,1,0,0,0,1
338,0,0,1,0,1,0,1,0,0,1,0
339,0,0,1,0,1,0,1,0,0,1,1
340,0,0,1,0,1,0,1,0,1,0,0
341,0,0,1,0,1,0,1,0,1,0,1
342,0,0,1,0,1,0,1,0,1,1,0
343,1,0,1,0,1,0,1,0,1,1,1
344,0,0,1,0,1,0,1,1,0,0,0
345,0,0,1,0,1,0,1,1,0,0,1
346,0,0,1,0,1,0,1,1,0,1,0
347,1,0,1,0,1,0,1,1,0,1,1
348,0,0,1,0,1,0,1,1,1,0,0
349,1,0,1,0,1,0,1,1,1,0,1
350,1,0,1,0,1,0,1,1,1,1,0
351,0,0,1,0,1,0,1,1,1,1,1
352,0,0,1,0,1,1,0,0,0,0,0
353,0,0,1,0,1,1,0,0,0,0,1
354,0,0,1,0,1,1,0,0,0,1,0
355,0,0,1,0,1,1,0,0,0,1,1
356,0,0,1,0,1,1,0,0,1,0,0
357,0,0,1,0,1,1,0,0,1,0,1
358,0,0,1,0,1,1,0,0,1,1,0
359,1,0,1,0,1,1,0,0,1,1,1
360,0,0,1,0,1,1,0,1,0,0,0
361,0,0,1,0,1,1,0,1,0,0,1
362,0,0,1,0,1,1,0,1,0,1,0
363,1,0,1,0,1,1,0,1,0,1,1
364,0,0,1,0,1,1,0,1,1,0,0
365,1,0,1,0,1,1,0,1,1,0,1
366,1,0,1,0,1,1,0,1,1,1,0
367,0,0,1,0,1,1,0,1,1,1,1
368,0,0,1,0,1,1,1,0,0,0,0
369,0,0,1,0,1,1,1,0,0,0,1
370,0,0,1,0,1,1,1,0,0,1,0
371,1,0,1,0,1,1,1,0,0,1,1
372,0,0,1,0,1,1,1,0,1,0,0
373,1,0,1,0,1,1,1,0,1,0,1
374,1,0,1,0,1,1,1,0,1,1,0
375,0,0,1,0,1,1,1,0,1,1,1
376,0,0,1,0,1,1,1,1,0,0,0
377,1,0,1,0,1,1,1,1,0,0,1
378,1,0,1,0,1,1,1,1,0,1,0
379,0,0,1,0,1,1,1,1,0,1,1
380,1,0,1,0,1,1,1,1,1,0,0
381,0,0,1,0,1,1,1,1,1,0,1
382,0,0,1,0,1,1,1,1,1,1,0
383,0,0,1,0,1,1,1,1,1,1,1
384,0,0,1,1,0,0,0,0,0,0,0
385,0,0,1,1,0,0,0,0,0,0,1
386,0,0,1,1,0,0,0,0,0,1,0
387,0,0,1,1,0,0,0,0,0,1,1
388,0,0,1,1,0,0,0,0,1,0,0
389,0,0,1,1,0,0,0,0,1,0,1
390,0,0,1,1,0,0,0,0,1,1,0
391,0,0,1,1,0,0,0,0,1,1,1
392,0,0,1,1,0,0,0,1,0,0,0
393,0,0,1,1,0,0,0,1,0,0,1
394,0,0,1,1,0,0,0,1,0,1,0
395,0,0,1,1,0,0,0,1,0,1,1
396,0,0,1,1,0,0,0,1,1,0,0
397,0,0,1,1,0,0,0,1,1,0,1
398,0,0,1,1,0,0,0,1,1,1,0
399,1,0,1,1,0,0,0,1,1,1,1
400,0,0,1,1,0,0,1,0,0,0,0
401,0,0,1,1,0,0,1,0,0,0,1
402,0,0,1,1,0,0,1,0,0,1,0
403,0,0,1,1,0,0,1,0,0,1,1
404,0,0,1,1,0,0,1,0,1,0,0
405,0,0,1,1,0,0,1,0,1,0,1
406,0,0,1,1,0,0,1,0,1,1,0
407,1,0,1,1,0,0,1,0,1,1,1
408,0,0,1,1,0,0,1,1,0,0,0
409,0,0,1,1,0,0,1,1,0,0,1
410,0,0,1,1,0,0,1,1,0,1,0
411,1,0,1,1,0,0,1,1,0,1,1
412,0,0,1,1,0,0,1,1,1,0,0
413,1,0,1,1,0,0,1,1,1,0,1
414,1,0,1,1,0,0,1,1,1,1,0
415,0,0,1,1,0,0,1,1,1,1,1
416,0,0,1,1,0,1,0,0,0,0,0
417,0,0,1,1,0,1,0,0,0,0,1
418,0,0,1,1,0,1,0,0,0,1,0
419,0,0,1,1,0,1,0,0,0,1,1
420,0,0,1,1,0,1,0,0,1,0,0
421,0,0,1,1,0,1,0,0,1,0,1
422,0,0,1,1,0,1,0,0,1,1,0
423,1,0,1,1,0,1,0,0,1,1,1
424,0,0,1,1,0,1,0,1,0,0,0
425,0,0,1,1,0,1,0,1,0,0,1
426,0,0,1,1,0,1,0,1,0,1,0
427,1,0,1,1,0,1,0,1,0,1,1
428,0,0,1,1,0,1,0,1,1,0,0
429,1,0,1,1,0,1,0,1,1,0,1
430,1,0,1,1,0,1,0,1,1,1,0
431,0,0,1,1,0,1,0,1,1,1,1
432,0,0,1,1,0,1,1,0,0,0,0
433,0,0,1,1,0,1,1,0,0,0,1
434,0,0,1,1,0,1,1,0,0,1,0
435,1,0,1,1,0,1,1,0,0,1,1
436,0,0,1,1,0,1,1,0,1,0,0
437,1,0,1,1,0,1,1,0,1,0,1
438,1,0,1,1,0,1,1,0,1,1,0
439,0,0,1,1,0,1,1,0,1,1,1
440,0,0,1,1,0,1,1,1,0,0,0
441,1,0,1,1,0,1,1,1,0,0,1
442,1,0,1,1,0,1,1,1,0,1,0
443,0,0,1,1,0,1,1,1,0,1,1
444,1,0,1,1,0,1,1,1,1,0,0
445,0,0,1,1,0,1,1,1,1,0,1
446,0,0,1,1,0,1,1,1,1,1,0
447,0,0,1,1,0,1,1,1,1,1,1
448,0,0,1,1,1,0,0,0,0,0,0
449,0,0,1,1,1,0,0,0,0,0,1
450,0,0,1,1,1,0,0,0,0,1,0
451,0,0,1,1,1,0,0,0,0,1,1
452,0,0,1,1,1,0,0,0,1,0,0
453,0,0,1,1,1,0,0,0,1,0,1
454,0,0,1,1,1,0,0,0,1,1,0
455,1,0,1,1,1,0,0,0,1,1,1
456,0,0,1,1,1,0,0,1,0,0,0
457,0,0,1,1,1,0,0,1,0,0,1
458,0,0,1,1,1,0,0,1,0,1,0
459,1,0,1,1,1,0,0,1,0,1,1
460,0,0,1,1,1,0,0,1,1,0,0
461,1,0,1,1,1,0,0,1,1,0,1
462,1,0,1,1,1,0,0,1,1,1,0
463,0,0,1,1,1,0,0,1,1,1,1
464,0,0,1,1,1,0,1,0,0,0,0
465,0,0,1,1,1,0,1,0,0,0,1
466,0,0,1,1,1,0,1,0,0,1,0
467,1,0,1,1,1,0,1,0,0,1,1
468,0,0,1,1,1,0,1,0,1,0,0
469,1,0,1,1,1,0,1,0,1,0,1
470,1,0,1,1,1,0,1,0,1,1,0
471,0,0,1,1,1,0,1,0,1,1,1
472,0,0,1,1,1,0,1,1,0,0,0
473,1,0,1,1,1,0,1,1,0,0,1
474,1,0,1,1,1,0,1,1,0,1,0
475,0,0,1,1,1,0,1,1,0,1,1
476,1,0,1,1,1,0,1,1,1,0,0
477,0,0,1,1,1,0,1,1,1,0,1
478,0,0,1,1,1,0,1,1,1,1,0
479,0,0,1,1,1,0,1,1,1,1,1
480,0,0,1,1,1,1,0,0,0,0,0
481,0,0,1,1,1,1,0,0,0,0,1
482,0,0,1,1,1,1,0,0,0,1,0
483,1,0,1,1,1,1,0,0,0,1,1
484,0,0,1,1,1,1,0,0,1,0,0
485,1,0,1,1,1,1,0,0,1,0,1
486,1,0,1,1,1,1,0,0,1,1,0
487,0,0,1,1,1,1,0,0,1,1,1
488,0,0,1,1,1,1,0,1,0,0,0
489,1,0,1,1,1,1,0,1,0,0,1
490,1,0,1,1,1,1,0,1,0,1,0
491,0,0,1,1,1,1,0,1,0,1,1
492,1,0,1,1,1,1,0,1,1,0,0
493,0,0,1,1,1,1,0,1,1,0,1
494,0,0,1,1,1,1,0,1,1,1,0
495,0,0,1,1,1,1,0,1,1,1,1
496,0,0,1,1,1,1,1,0,0,0,0
497,1,0,1,1,1,1,1,0,0,0,1
498,1,0,1,1,1,1,1,0,0,1,0
499,0,0,1,1,1,1,1,0,0,1,1
500,1,0,1,1,1,1,1,0,1,0,0
501,0,0,1,1,1,1,1,0,1,0,1
502,0,0,1,1,1,1,1,0,1,1,0
503,0,0,1,1,1,1,1,0,1,1,1
504,1,0,1,1,1,1,1,1,0,0,0
505,0,0,1,1,1,1,1,1,0,0,1
506,0,0,1,1,1,1,1,1,0,1,0
507,0,0,1,1,1,1,1,1,0,1,1
508,0,0,1,1,1,1,1,1,1,0,0
509,0,0,1,1,1,1,1,1,1,0,1
510,0,0,1,1,1,1,1,1,1,1,0
511,0,0,1,1,1,1,1,1,1,1,1
512,0,1,0,0,0,0,0,0,0,0,0
513,0,1,0,0,0,0,0,0,0,0,1
514,0,1,0,0,0,0,0,0,0,1,0
515,0,1,0,0,0,0,0,0,0,1,1
516,0,1,0,0,0,0,0,0,1,0,0
517,0,1,0,0,0,0,0,0,1,0,1
518,0,1,0,0,0,0,0,0,1,1,0
519,0,1,0,0,0,0,0,0,1,1,1
520,0,1,0,0,0,0,0,1,0,0,0
521,0,1,0,0,0,0,0,1,0,0,1
522,0,1,0,0,0,0,0,1,0,1,0
523,0,1,0,0,0,0,0,1,0,1,1
524,0,1,0,0,0,0,0,1,1,0,0
525,0,1,0,0,0,0,0,1,1,0,1
526,0,1,0,0,0,0,0,1,1,1,0
527,0,1,0,0,0,0,0,1,1,1,1
528,0,1,0,0,0,0,1,0,0,0,0
529,0,1,0,0,0,0,1,0,0,0,1
530,0,1,0,0,0,0,1,0,0,1,0
531,0,1,0,0,0,0,1,0,0,1,1
532,0,1,0,0,0,0,1,0,1,0,0
533,0,1,0,0,0,0,1,0,1,0,1
534,0,1,0,0,0,0,1,0,1,1,0
535,0,1,0,0,0,0,1,0,1,1,1
536,0,1,0,0,0,0,1,1,0,0,0
537,0,1,0,0,0,0,1,1,0,0,1
538,0,1,0,0,0,0,1,1,0,1,0
539,0,1,0,0,0,0,1,1,0,1,1
540,0,1,0,0,0,0,1,1,1,0,0
541,0,1,0,0,0,0,1,1,1,0,1
542,0,1,0,0,0,0,1,1,1,1,0
543,1,1,0,0,0,0,1,1,1,1,1
544,0,1,0,0,0,1,0,0,0,0,0
545,0,1,0,0,0,1,0,0,0,0,1
546,0,1,0,0,0,1,0,0,0,1,0
547,0,1,0,0,0,1,0,0,0,1,1
548,0,1,0,0,0,1,0,0,1,0,0
549,0,1,0,0,0,1,0,0,1,0,1
550,0,1,0,0,0,1,0,0,1,1,0
551,0,1,0,0,0,1,0,0,1,1,1
552,0,1,0,0,0,1,0,1,0,0,0
553,0,1,0,0,0,1,0,1,0,0,1
554,0,1,0,0,0,1,0,1,0,1,0
555,0,1,0,0,0,1,0,1,0,1,1
556,0,1,0,0,0,1,0,1,1,0,0
557,0,1,0,0,0,1,0,1,1,0,1
558,0,1,0,0,0,1,0,1,1,1,0
559,1,1,0,0,0,1,0,1,1,1,1
560,0,1,0,0,0,1,1,0,0,0,0
561,0,1,0,0,0,1,1,0,0,0,1
562,0,1,0,0,0,1,1,0,0,1,0
563,0,1,0,0,0,1,1,0,0,1,1
564,0,1,0,0,0,1,1,0,1,0,0
565,0,1,0,0,0,1,1,0,1,0,1
566,0,1,0,0,0,1,1,0,1,1,0
567,1,1,0,0,0,1,1,0,1,1,1
568,0,1,0,0,0,1,1,1,0,0,0
569,0,1,0,0,0,1,1,1,0,0,1
570,0,1,0,0,0,1,1,1,0,1,0
571,1,1,0,0,0,1,1,1,0,1,1
572,0,1,0,0,0,1,1,1,1,0,0
573,1,1,0,0,0,1,1,1,1,0,1
574,1,1,0,0,0,1,1,1,1,1,0
575,0,1,0,0,0,1,1,1,1,1,1
576,0,1,0,0,1,0,0,0,0,0,0
577,0,1,0,0,1,0,0,0,0,0,1
578,0,1,0,0,1,0,0,0,0,1,0
579,0,1,0,0,1,0,0,0,0,1,1
580,0,1,0,0,1,0,0,0,1,0,0
581,0,1,0,0,1,0,0,0,1,0,1
582,0,1,0,0,1,0,0,0,1,1,0
583,0,1,0,0,1,0,0,0,1,1,1
584,0,1,0,0,1,0,0,1,0,0,0
585,0,1,0,0,1,0,0,1,0,0,1
586,0,1,0,0,1,0,0,1,0,1,0
587,0,1,0,0,1,0,0,1,0,1,1
588,0,1,0,0,1,0,0,1,1,0,0
589,0,1,0,0,1,0,0,1,1,0,1
590,0,1,0,0,1,0,0,1,1,1,0
591,1,1,0,0,1,0,0,1,1,1,1
592,0,1,0,0,1,0,1,0,0,0,0
593,0,1,0,0,1,0,1,0,0,0,1
594,0,1,0,0,1,0,1,0,0,1,0
595,0,1,0,0,1,0,1,0,0,1,1
596,0,1,0,0,1,0,1,0,1,0,0
597,0,1,0,0,1,0,1,0,1,0,1
598,0,1,0,0,1,0,1,0,1,1,0
599,1,1,0,0,1,0,1,0,1,1,1
600,0,1,0,0,1,0,1,1,0,0,0
601,0,1,0,0,1,0,1,1,0,0,1
602,0,1,0,0,1,0,1,1,0,1,0
603,1,1,0,0,1,0,1,1,0,1,1
604,0,1,0,0,1,0,1,1,1,0,0
605,1,1,0,0,1,0,1,1,1,0,1
606,1,1,0,0,1,0,1,1,1,1,0
607,0,1,0,0,1,0,1,1,1,1,1
608,0,1,0,0,1,1,0,0,0,0,0
609,0,1,0,0,1,1,0,0,0,0,1
610,0,1,0,0,1,1,0,0,0,1,0
611,0,1,0,0,1,1,0,0,0,1,1
612,0,1,0,0,1,1,0,0,1,0,0
613,0,1,0,0,1,1,0,0,1,0,1
614,0,1,0,0,1,1,0,0,1,1,0
615,1,1,0,0,1,1,0,0,1,1,1
616,0,1,0,0,1,1,0,1,0,0,0
617,0,1,0,0,1,1,0,1,0,0,1
618,0,1,0,0,1,1,0,1,0,1,0
619,1,1,0,0,1,1,0,1,0,1,1
620,0,1,0,0,1,1,0,1,1,0,0
621,1,1,0,0,1,1,0,1,1,0,1
622,1,1,0,0,1,1,0,1,1,1,0
623,0,1,0,0,1,1,0,1,1,1,1
624,0,1,0,0,1,1,1,0,0,0,0
625,0,1,0,0,1,1,1,0,0,0,1
626,0,1,0,0,1,1,1,0,0,1,0
627,1,1,0,0,1,1,1,0,0,1,1
628,0,1,0,0,1,1,1,0,1,0,0
629,1,1,0,0,1,1,1,0,1,0,1
630,1,1,0,0,1,1,1,0,1,1,0
631,0,1,0,0,1,1,1,0,1,1,1
632,0,1,0,0,1,1,1,1,0,0,0
633,1,1,0,0,1,1,1,1,0,0,1
634,1,1,0,0,1,1,1,1,0,1,0
635,0,1,0,0,1,1,1,1,0,1,1
636,1,1,0,0,1,1,1,1,1,0,0
637,0,1,0,0,1,1,1,1,1,0,1
638,0,1,0,0,1,1,1,1,1,1,0
639,0,1,0,0,1,1,1,1,1,1,1
640,0,1,0,1,0,0,0,0,0,0,0
641,0,1,0,1,0,0,0,0,0,0,1
642,0,1,0,1,0,0,0,0,0,1,0
643,0,1,0,1,0,0,0,0,0,1,1
644,0,1,0,1,0,0,0,0,1,0,0
645,0,1,0,1,0,0,0,0,1,0,1
646,0,1,0,1,0,0,0,0,1,1,0
647,0,1,0,1,0,0,0,0,1,1,1
648,0,1,0,1,0,0,0,1,0,0,0
649,0,1,0,1,0,0,0,1,0,0,1
650,0,1,0,1,0,0,0,1,0,1,0
651,0,1,0,1,0,0,0,1,0,1,1
652,0,1,0,1,0,0,0,1,1,0,0
653,0,1,0,1,0,0,0,1,1,0,1
654,0,1,0,1,0,0,0,1,1,1,0
655,1,1,0,1,0,0,0,1,1,1,1
656,0,1,0,1,0,0,1,0,0,0,0
657,0,1,0,1,0,0,1,0,0,0,1
658,0,1,0,1,0,0,1,0,0,1,0
659,0,1,0,1,0,0,1,0,0,1,1
660,0,1,0,1,0,0,1,0,1,0,0
661,0,1,0,1,0,0,1,0,1,0,1
662,0,1,0,1,0,0,1,0,1,1,0
663,1,1,0,1,0,0,1,0,1,1,1
664,0,1,0,1,0,0,1,1,0,0,0
665,0,1,0,1,0,0,1,1,0,0,1
666,0,1,0,1,0,0,1,1,0,1,0
667,1,1,0,1,0,0,1,1,0,1,1
668,0,1,0,1,0,0,1,1,1,0,0
669,1,1,0,1,0,0,1,1,1,0,1
670,1,1,0,1,0,0,1,1,1,1,0
671,0,1,0,1,0,0,1,1,1,1,1
672,0,1,0,1,0,1,0,0,0,0,0
673,0,1,0,1,0,1,0,0,0,0,1
674,0,1,0,1,0,1,0,0,0,1,0
675,0,1,0,1,0,1,0,0,0,1,1
676,0,1,0,1,0,1,0,0,1,0,0
677,0,1,0,1,0,1,0,0,1,0,1
678,0,1,0,1,0,1,0,0,1,1,0
679,1,1,0,1,0,1,0,0,1,1,1
680,0,1,0,1,0,1,0,1,0,0,0
681,0,1,0,1,0,1,0,1,0,0,1
682,0,1,0,1,0,1,0,1,0,1,0
683,1,1,0,1,0,1,0,1,0,1,1
684,0,1,0,1,0,1,0,1,1,0,0
685,1,1,0,1,0,1,0,1,1,0,1
686,1,1,0,1,0,1,0,1,1,1,0
687,0,1,0,1,0,1,0,1,1,1,1
688,0,1,0,1,0,1,1,0,0,0,0
689,0,1,0,1,0,1,1,0,0,0,1
690,0,1,0,1,0,1,1,0,0,1,0
691,1,1,0,1,0,1,1,0,0,1,1
692,0,1,0,1,0,1,1,0,1,0,0
693,1,1,0,1,0,1,1,0,1,0,1
694,1,1,0,1,0,1,1,0,1,1,0
695,0,1,0,1,0,1,1,0,1,1,1
696,0,1,0,1,0,1,1,1,0,0,0
697,1,1,0,1,0,1,1,1,0,0,1
698,1,1,0,1,0,1,1,1,0,1,0
699,0,1,0,1,0,1,1,1,0,1,1
700,1,1,0,1,0,1,1,1,1,0,0
701,0,1,0,1,0,1,1,1,1,0,1
702,0,1,0,1,0,1,1,1,1,1,0
703,0,1,0,1,0,1,1,1,1,1,1
704,0,1,0,1,1,0,0,0,0,0,0
705,0,1,0,1,1,0,0,0,0,0,1
706,0,1,0,1,1,0,0,0,0,1,0
707,0,1,0,1,1,0,0,0,0,1,1
708,0,1,0,1,1,0,0,0,1,0,0
709,0,1,0,1,1,0,0,0,1,0,1
710,0,1,0,1,1,0,0,0,1,1,0
711,1,1,0,1,1,0,0,0,1,1,1
712,0,1,0,1,1,0,0,1,0,0,0
713,0,1,0,1,1,0,0,1,0,0,1
714,0,1,0,1,1,0,0,1,0,1,0
715,1,1,0,1,1,0,0,1,0,1,1
716,0,1,0,1,1,0,0,1,1,0,0
717,1,1,0,1,1,0,0,1,1,0,1
718,1,1,0,1,1,0,0,1,1,1,0
719,0,1,0,1,1,0,0,1,1,1,1
720,0,1,0,1,1,0,1,0,0,0,0
721,0,1,0,1,1,0,1,0,0,0,1
722,0,1,0,1,1,0,1,0,0,1,0
723,1,1,0,1,1,0,1,0,0,1,1
724,0,1,0,1,1,0,1,0,1,0,0
725,1,1,0,1,1,0,1,0,1,0,1
726,1,1,0,1,1,0,1,0,1,1,0
727,0,1,0,1,1,0,1,0,1,1,1
728,0,1,0,1,1,0,1,1,0,0,0
729,1,1,0,1,1,0,1,1,0,0,1
730,1,1,0,1,1,0,1,1,0,1,0
731,0,1,0,1,1,0,1,1,0,1,1
732,1,1,0,1,1,0,1,1,1,0,0
733,0,1,0,1,1,0,1,1,1,0,1
734,0,1,0,1,1,0,1,1,1,1,0
735,0,1,0,1,1,0,1,1,1,1,1
736,0,1,0,1,1,1,0,0,0,0,0
737,0,1,0,1,1,1,0,0,0,0,1
738,0,1,0,1,1,1,0,0,0,1,0
739,1,1,0,1,1,1,0,0,0,1,1
740,0,1,0,1,1,1,0,0,1,0,0
741,1,1,0,1,1,1,0,0,1,0,1
742,1,1,0,1,1,1,0,0,1,1,0
743,0,1,0,1,1,1,0,0,1,1,1
744,0,1,0,1,1,1,0,1,0,0,0
745,1,1,0,1,1,1,0,1,0,0,1
746,1,1,0,1,1,1,0,1,0,1,0
747,0,1,0,1,1,1,0,1,0,1,1
748,1,1,0,1,1,1,0,1,1,0,0
749,0,1,0,1,1,1,0,1,1,0,1
750,0,1,0,1,1,1,0,1,1,1,0
751,0,1,0,1,1,1,0,1,1,1,1
752,0,1,0,1,1,1,1,0,0,0,0
753,1,1,0,1,1,1,1,0,0,0,1
754,1,1,0,1,1,1,1,0,0,1,0
755,0,1,0,1,1,1,1,0,0,1,1
756,1,1,0,1,1,1,1,0,1,0,0
757,0,1,0,1,1,1,1,0,1,0,1
758,0,1,0,1,1,1,1,0,1,1,0
759,0,1,0,1,1,1,1,0,1,1,1
760,1,1,0,1,1,1,1,1,0,0,0
761,0,1,0,1,1,1,1,1,0,0,1
762,0,1,0,1,1,1,1,1,0,1,0
763,0,1,0,1,1,1,1,1,0,1,1
764,0,1,0,1,1,1,1,1,1,0,0
765,0,1,0,1,1,1,1,1,1,0,1
766,0,1,0,1,1,1,1,1,1,1,0
767,0,1,0,1,1,1,1,1,1,1,1
768,0,1,1,0,0,0,0,0,0,0,0
769,0,1,1,0,0,0,0,0,0,0,1
770,0,1,1,0,0,0,0,0,0,1,0
771,0,1,1,0,0,0,0,0,0,1,1
772,0,1,1,0,0,0,0,0,1,0,0
773,0,1,1,0,0,0,0,0,1,0,1
774,0,1,1,0,0,0,0,0,1,1,0
775,0,1,1,0,0,0,0,0,1,1,1
776,0,1,1,0,0,0,0,1,0,0,0
777,0,1,1,0,0,0,0,1,0,0,1
778,0,1,1,0,0,0,0,1,0,1,0
779,0,1,1,0,0,0,0,1,0,1,1
780,0,1,1,0,0,0,0,1,1,0,0
781,0,1,1,0,0,0,0,1,1,0,1
782,0,1,1,0,0,0,0,1,1,1,0
783,1,1,1,0,0,0,0,1,1,1,1
784,0,1,1,0,0,0,1,0,0,0,0
785,0,1,1,0,0,0,1,0,0,0,1
786,0,1,1,0,0,0,1,0,0,1,0
787,0,1,1,0,0,0,1,0,0,1,1
788,0,1,1,0,0,0,1,0,1,0,0
789,0,1,1,0,0,0,1,0,1,0,1
790,0,1,1,0,0,0,1,0,1,1,0
791,1,1,1,0,0,0,1,0,1,1,1
792,0,1,1,0,0,0,1,1,0,0,0
793,0,1,1,0,0,0,1,1,0,0,1
794,0,1,1,0,0,0,1,1,0,1,0
795,1,1,1,0,0,0,1,1,0,1,1
796,0,1,1,0,0,0,1,1,1,0,0
797,1,1,1,0,0,0,1,1,1,0,1
798,1,1,1,0,0,0,1,1,1,1,0
799,0,1,1,0,0,0,1,1,1,1,1
800,0,1,1,0,0,1,0,0,0,0,0
801,0,1,1,0,0,1,0,0,0,0,1
802,0,1,1,0,0,1,0,0,0,1,0
803,0,1,1,0,0,1,0,0,0,1,1
804,0,1,1,0,0,1,0,0,1,0,0
805,0,1,1,0,0,1,0,0,1,0,1
806,0,1,1,0,0,1,0,0,1,1,0
807,1,1,1,0,0,1,0,0,1,1,1
808,0,1,1,0,0,1,0,1,0,0,0
809,0,1,1,0,0,1,0,1,0,0,1
810,0,1,1,0,0,1,0,1,0,1,0
811,1,1,1,0,0,1,0,1,0,1,1
812,0,1,1,0,0,1,0,1,1,0,0
813,1,1,1,0,0,1,0,1,1,0,1
814,1,1,1,0,0,1,0,1,1,1,0
815,0,1,1,0,0,1,0,1,1,1,1
816,0,1,1,0,0,1,1,0,0,0,0
817,0,1,1,0,0,1,1,0,0,0,1
818,0,1,1,0,0,1,1,0,0,1,0
819,1,1,1,0,0,1,1,0,0,1,1
820,0,1,1,0,0,1,1,0,1,0,0
821,1,1,1,0,0,1,1,0,1,0,1
822,1,1,1,0,0,1,1,0,1,1,0
823,0,1,1,0,0,1,1,0,1,1,1
824,0,1,1,0,0,1,1,1,0,0,0
825,1,1,1,0,0,1,1,1,0,0,1
826,1,1,1,0,0,1,1,1,0,1,0
827,0,1,1,0,0,1,1,1,0,1,1
828,1,1,1,0,0,1,1,1,1,0,0
829,0,1,1,0,0,1,1,1,1,0,1
830,0,1,1,0,0,1,1,1,1,1,0
831,0,1,1,0,0,1,1,1,1,1,1
832,0,1,1,0,1,0,0,0,0,0,0
833,0,1,1,0,1,0,0,0,0,0,1
834,0,1,1,0,1,0,0,0,0,1,0
835,0,1,1,0,1,0,0,0,0,1,1
836,0,1,1,0,1,0,0,0,1,0,0
837,0,1,1,0,1,0,0,0,1,0,1
838,0,1,1,0,1,0,0,0,1,1,0
839,1,1,1,0,1,0,0,0,1,1,1
840,0,1,1,0,1,0,0,1,0,0,0
841,0,1,1,0,1,0,0,1,0,0,1
842,0,1,1,0,1,0,0,1,0,1,0
843,1,1,1,0,1,0,0,1,0,1,1
844,0,1,1,0,1,0,0,1,1,0,0
845,1,1,1,0,1,0,0,1,1,0,1
846,1,1,1,0,1,0,0,1,1,1,0
847,0,1,1,0,1,0,0,1,1,1,1
848,0,1,1,0,1,0,1,0,0,0,0
849,0,1,1,0,1,0,1,0,0,0,1
850,0,1,1,0,1,0,1,0,0,1,0
851,1,1,1,0,1,0,1,0,0,1,1
852,0,1,1,0,1,0,1,0,1,0,0
853,1,1,1,0,1,0,1,0,1,0,1
854,1,1,1,0,1,0,1,0,1,1,0
855,0,1,1,0,1,0,1,0,1,1,1
856,0,1,1,0,1,0,1,1,0,0,0
857,1,1,1,0,1,0,1,1,0,0,1
858,1,1,1,0,1,0,1,1,0,1,0
859,0,1,1,0,1,0,1,1,0,1,1
860,1,1,1,0,1,0,1,1,1,0,0
861,0,1,1,0,1,0,1,1,1,0,1
862,0,1,1,0,1,0,1,1,1,1,0
863,0,1,1,0,1,0,1,1,1,1,1
864,0,1,1,0,1,1,0,0,0,0,0
865,0,1,1,0,1,1,0,0,0,0,1
866,0,1,1,0,1,1,0,0,0,1,0
867,1,1,1,0,1,1,0,0,0,1,1
868,0,1,1,0,1,1,0,0,1,0,0
869,1,1,1,0,1,1,0,0,1,0,1
870,1,1,1,0,1,1,0,0,1,1,0
871,0,1,1,0,1,1,0,0,1,1,1
872,0,1,1,0,1,1,0,1,0,0,0
873,1,1,1,0,1,1,0,1,0,0,1
874,1,1,1,0,1,1,0,1,0,1,0
875,0,1,1,0,1,1,0,1,0,1,1
876,1,1,1,0,1,1,0,1,1,0,0
877,0,1,1,0,1,1,0,1,1,0,1
878,0,1,1,0,1,1,0,1,1,1,0
879,0,1,1,0,1,1,0,1,1,1,1
880,0,1,1,0,1,1,1,0,0,0,0
881,1,1,1,0,1,1,1,0,0,0,1
882,1,1,1,0,1,1,1,0,0,1,0
883,0,1,1,0,1,1,1,0,0,1,1
884,1,1,1,0,1,1,1,0,1,0,0
885,0,1,1,0,1,1,1,0,1,0,1
886,0,1,1,0,1,1,1,0,1,1,0
887,0,1,1,0,1,1,1,0,1,1,1
888,1,1,1,0,1,1,1,1,0,0,0
889,0,1,1,0,1,1,1,1,0,0,1
890,0,1,1,0,1,1,1,1,0,1,0
891,0,1,1,0,1,1,1,1,0,1,1
892,0,1,1,0,1,1,1,1,1,0,0
893,0,1,1,0,1,1,1,1,1,0,1
894,0,1,1,0,1,1,1,1,1,1,0
895,0,1,1,0,1,1,1,1,1,1,1
896,0,1,1,1,0,0,0,0,0,0,0
897,0,1,1,1,0,0,0,0,0,0,1
898,0,1,1,1,0,0,0,0,0,1,0
899,0,1,1,1,0,0,0,0,0,1,1
900,0,1,1,1,0,0,0,0,1,0,0
901,0,1,1,1,0,0,0,0,1,0,1
902,0,1,1,1,0,0,0,0,1,1,0
903,1,1,1,1,0,0,0,0,1,1,1
904,0,1,1,1,0,0,0,1,0,0,0
905,0,1,1,1,0,0,0,1,0,0,1
906,0,1,1,1,0,0,0,1,0,1,0
907,1,1,1,1,0,0,0,1,0,1,1
908,0,1,1,1,0,0,0,1,1,0,0
909,1,1,1,1,0,0,0,1,1,0,1
910,1,1,1,1,0,0,0,1,1,1,0
911,0,1,1,1,0,0,0,1,1,1,1
912,0,1,1,1,0,0,1,0,0,0,0
913,0,1,1,1,0,0,1,0,0,0,1
914,0,1,1,1,0,0,1,0,0,1,0
915,1,1,1,1,0,0,1,0,0,1,1
916,0,1,1,1,0,0,1,0,1,0,0
917,1,1,1,1,0,0,1,0,1,0,1
918,1,1,1,1,0,0,1,0,1,1,0
919,0,1,1,1,0,0,1,0,1,1,1
920,0,1,1,1,0,0,1,1,0,0,0
921,1,1,1,1,0,0,1,1,0,0,1
922,1,1,1,1,0,0,1,1,0,1,0
923,0,1,1,1,0,0,1,1,0,1,1
924,1,1,1,1,0,0,1,1,1,0,0
925,0,1,1,1,0,0,1,1,1,0,1
926,0,1,1,1,0,0,1,1,1,1,0
927,0,1,1,1,0,0,1,1,1,1,1
928,0,1,1,1,0,1,0,0,0,0,0
929,0,1,1,1,0,1,0,0,0,0,1
930,0,1,1,1,0,1,0,0,0,1,0
931,1,1,1,1,0,1,0,0,0,1,1
932,0,1,1,1,0,1,0,0,1,0,0
933,1,1,1,1,0,1,0,0,1,0,1
934,1,1,1,1,0,1,0,0,1,1,0
935,0,1,1,1,0,1,0,0,1,1,1
936,0,1,1,1,0,1,0,1,0,0,0
937,1,1,1,1,0,1,0,1,0,0,1
938,1,1,1,1,0,1,0,1,0,1,0
939,0,1,1,1,0,1,0,1,0,1,1
940,1,1,1,1,0,1,0,1,1,0,0
941,0,1,1,1,0,1,0,1,1,0,1
942,0,1,1,1,0,1,0,1,1,1,0
943,0,1,1,1,0,1,0,1,1,1,1
944,0,1,1,1,0,1,1,0,0,0,0
945,1,1,1,1,0,1,1,0,0,0,1
946,1,1,1,1,0,1,1,0,0,1,0
947,0,1,1,1,0,1,1,0,0,1,1
948,1,1,1,1,0,1,1,0,1,0,0
949,0,1,1,1,0,1,1,0,1,0,1
950,0,1,1,1,0,1,1,0,1,1,0
951,0,1,1,1,0,1,1,0,1,1,1
952,1,1,1,1,0,1,1,1,0,0,0
953,0,1,1,1,0,1,1,1,0,0,1
954,0,1,1,1,0,1,1,1,0,1,0
955,0,1,1,1,0,1,1,1,0,1,1
956,0,1,1,1,0,1,1,1,1,0,0
957,0,1,1,1,0,1,1,1,1,0,1
958,0,1,1,1,0,1,1,1,1,1,0
959,0,1,1,1,0,1,1,1,1,1,1
960,0,1,1,1,1,0,0,0,0,0,0
961,0,1,1,1,1,0,0,0,0,0,1
962,0,1,1,1,1,0,0,0,0,1,0
963,1,1,1,1,1,0,0,0,0,1,1
964,0,1,1,1,1,0,0,0,1,0,0
965,1,1,1,1,1,0,0,0,1,0,1
966,1,1,1,1,1,0,0,0,1,1,0
967,0,1,1,1,1,0,0,0,1,1,1
968,0,1,1,1,1,0,0,1,0,0,0
969,1,1,1,1,1,0,0,1,0,0,1
970,1,1,1,1,1,0,0,1,0,1,0
971,0,1,1,1,1,0,0,1,0,1,1
972,1,1,1,1,1,0,0,1,1,0,0
973,0,1,1,1,1,0,0,1,1,0,1
974,0,1,1,1,1,0,0,1,1,1,0
975,0,1,1,1,1,0,0,1,1,1,1
976,0,1,1,1,1,0,1,0,0,0,0
977,1,1,1,1,1,0,1,0,0,0,1
978,1,1,1,1,1,0,1,0,0,1,0
979,0,1,1,1,1,0,1,0,0,1,1
980,1,1,1,1,1,0,1,0,1,0,0
981,0,1,1,1,1,0,1,0,1,0,1
982,0,1,1,1,1,0,1,0,1,1,0
983,0,1,1,1,1,0,1,0,1,1,1
984,1,1,1,1,1,0,1,1,0,0,0
985,0,1,1,1,1,0,1,1,0,0,1
986,0,1,1,1,1,0,1,1,0,1,0
987,0,1,1,1,1,0,1,1,0,1,1
988,0,1,1,1,1,0,1,1,1,0,0
989,0,1,1,1,1,0,1,1,1,0,1
990,0,1,1,1,1,0,1,1,1,1,0
991,0,1,1,1,1,0,1,1,1,1,1
992,0,1,1,1,1,1,0,0,0,0,0
993,1,1,1,1,1,1,0,0,0,0,1
994,1,1,1,1,1,1,0,0,0,1,0
995,0,1,1,1,1,1,0,0,0,1,1
996,1,1,1,1,1,1,0,0,1,0,0
997,0,1,1,1,1,1,0,0,1,0,1
998,0,1,1,1,1,1,0,0,1,1,0
999,0,1,1,1,1,1,0,0,1,1,1
1000,1,1,1,1,1,1,0,1,0,0,0
1001,0,1,1,1,1,1,0,1,0,0,1
1002,0,1,1,1,1,1,0,1,0,1,0
1003,0,1,1,1,1,1,0,1,0,1,1
1004,0,1,1,1,1,1,0,1,1,0,0
1005,0,1,1,1,1,1,0,1,1,0,1
1006,0,1,1,1,1,1,0,1,1,1,0
1007,0,1,1,1,1,1,0,1,1,1,1
1008,1,1,1,1,1,1,1,0,0,0,0
1009,0,1,1,1,1,1,1,0,0,0,1
1010,0,1,1,1,1,1,1,0,0,1,0
1011,0,1,1,1,1,1,1,0,0,1,1
1012,0,1,1,1,1,1,1,0,1,0,0
1013,0,1,1,1,1,1,1,0,1,0,1
1014,0,1,1,1,1,1,1,0,1,1,0
1015,0,1,1,1,1,1,1,0,1,1,1
1016,0,1,1,1,1,1,1,1,0,0,0
1017,0,1,1,1,1,1,1,1,0,0,1
1018,0,1,1,1,1,1,1,1,0,1,0
1019,0,1,1,1,1,1,1,1,0,1,1
1020,0,1,1,1,1,1,1,1,1,0,0
1021,0,1,1,1,1,1,1,1,1,0,1
1022,0,1,1,1,1,1,1,1,1,1,0
1023,0,1,1,1,1,1,1,1,1,1,1
False, 5
100
10